#Example nr 1 of output depending on input.Input bus id.
VechileLongitude: 24749720 Vechicle Latitude: 59435530 VechicleId: 98 Vechicle number:4

#Example nr 2 of output depending on input. Input bus number.
Vechile Longitude: 24710320 Vechicle Latitude: 59389660 Vechicle Number: 36 Vechicle Id: 1007
Vechile Longitude: 24742530 Vechicle Latitude: 59425290 Vechicle Number: 36 Vechicle Id: 1014
Vechile Longitude: 24671670 Vechicle Latitude: 59397750 Vechicle Number: 36 Vechicle Id: 1061
Vechile Longitude: 24738880 Vechicle Latitude: 59413630 Vechicle Number: 36 Vechicle Id: 1114
Vechile Longitude: 24686940 Vechicle Latitude: 59387440 Vechicle Number: 36 Vechicle Id: 1443
Vechile Longitude: 24633830 Vechicle Latitude: 59412610 Vechicle Number: 36 Vechicle Id: 1447
Vechile Longitude: 24632250 Vechicle Latitude: 59410380 Vechicle Number: 36 Vechicle Id: 1454
Vechile Longitude: 24732660 Vechicle Latitude: 59405790 Vechicle Number: 36 Vechicle Id: 1888
Vechile Longitude: 24742590 Vechicle Latitude: 59424830 Vechicle Number: 36 Vechicle Id: 3542

How many busses use Gps:459

#Example of adding information to gps.txt from stops.txt
VechicleType;VechicleNumber;VechicleLongitude;VechicleLatitude;VechicleMFromStop;VechicleId;VechicleFirstStopId;VechicleFirstStopLongitude;VechicleFirstStopLatitude;VechicleLastStopId;VechicleLastStopLongitude;VechicleLastStopLatitude
3;2;24678770;59456430;136;97;13601-1;2483651;5940834;10609-1;2480629;5940834
3;4;24749720;59435530;235;98;01606-1;2463655;5939580;00115-1;2459505;5939580
3;4;24738500;59414370;222;102;01606-1;2463655;5939580;00115-1;2459505;5939580
3;2;24808450;59426500;262;103;13601-1;2483651;5940834;10609-1;2480629;5940834
3;4;24776220;59428290;119;104;01606-1;2463655;5939580;00115-1;2459505;5939580
3;3;24766480;59437740;255;115;11308-1;2475396;5946356;09501-1;2470183;5946356
3;2;24669040;59461320;318;117;13601-1;2483651;5940834;10609-1;2480629;5940834
3;2;24725420;59442920;122;121;13601-1;2483651;5940834;10609-1;2480629;5940834
2;0;24665930;59462810;300;138;Depoo;2483651;;Depoo;;
3;2;24755700;59437140;79;140;13601-1;2483651;5940834;10609-1;2480629;5940834
3;4;24792860;59427860;304;144;01606-1;2463655;5939580;00115-1;2459505;5939580
3;4;24742640;59427440;190;146;01606-1;2463655;5939580;00115-1;2459505;5939580
2;0;24745200;59419640;79;153;Depoo;2463655;;Depoo;;
3;3;24752370;59436350;56;155;11308-1;2475396;5946356;09501-1;2470183;5946356
3;2;24721970;59444350;311;159;13601-1;2483651;5940834;10609-1;2480629;5940834
3;2;24738480;59441120;242;160;13601-1;2483651;5940834;10609-1;2480629;5940834
3;2;24703670;59453570;311;162;13601-1;2483651;5940834;10609-1;2480629;5940834
3;2;24797140;59426310;122;165;13601-1;2483651;5940834;10609-1;2480629;5940834
3;2;24763100;59433200;135;168;13601-1;2483651;5940834;10609-1;2480629;5940834
3;3;24741560;59419260;193;172;11308-1;2475396;5946356;09501-1;2470183;5946356
3;2;24778610;59427510;251;173;13601-1;2483651;5940834;10609-1;2480629;5940834
3;2;24760800;59436590;5;174;13601-1;2483651;5940834;10609-1;2480629;5940834
2;0;24665560;59462760;106;176;Depoo;2483651;;Depoo;;
3;2;24815160;59426890;258;179;13601-1;2483651;5940834;10609-1;2480629;5940834
3;3;24734130;59411230;199;180;11308-1;2475396;5946356;09501-1;2470183;5946356
1;9;24683480;59454880;72;257;03505-1;2466864;5943315;12220-1;2477774;5943315
1;9;24681730;59398770;124;263;03505-1;2466864;5943315;12220-1;2477774;5943315
1;9;24718590;59426400;209;265;03505-1;2466864;5943315;12220-1;2477774;5943315
1;9;24688880;59399680;256;274;03505-1;2466864;5943315;12220-1;2477774;5943315
1;7;24647470;59411180;255;275;16601-1;2489803;5941905;13805-1;2483112;5941905
1;4;24720430;59427450;249;292;01606-1;2463655;5939580;00115-1;2459505;5939580
1;4;24679960;59399680;154;293;01606-1;2463655;5939580;00115-1;2459505;5939580
1;7;24673640;59428250;258;294;16601-1;2489803;5941905;13805-1;2483112;5941905
1;9;24704230;59408650;25;295;03505-1;2466864;5943315;12220-1;2477774;5943315
1;5;24700860;59425390;206;302;06101-1;2471786;5948104;18303-1;2489062;5948104
1;9;24680780;59455240;310;306;03505-1;2466864;5943315;12220-1;2477774;5943315
1;5;24659730;59401220;29;308;06101-1;2471786;5948104;18303-1;2489062;5948104
1;5;24685070;59408570;209;316;06101-1;2471786;5948104;18303-1;2489062;5948104
1;7;24636800;59412800;61;318;16601-1;2489803;5941905;13805-1;2483112;5941905
1;9;24679960;59399670;151;319;03505-1;2466864;5943315;12220-1;2477774;5943315
1;5;24696410;59420280;26;322;06101-1;2471786;5948104;18303-1;2489062;5948104
2;0;24709270;59432110;205;324;Depoo;2471786;;Depoo;;
1;9;24720260;59428120;16;325;03505-1;2466864;5943315;12220-1;2477774;5943315
1;6;24699240;59429330;92;327;18910-1;2487484;5948104;18303-1;2489062;5948104
1;7;24724030;59434260;66;328;16601-1;2489803;5941905;13805-1;2483112;5941905
1;4;24680550;59399130;145;330;01606-1;2463655;5939580;00115-1;2459505;5939580
2;0;24709740;59431320;154;331;Depoo;2463655;;Depoo;;
1;7;24738880;59440190;236;332;16601-1;2489803;5941905;13805-1;2483112;5941905
1;9;24715940;59423290;204;334;03505-1;2466864;5943315;12220-1;2477774;5943315
1;9;24673880;59397790;252;335;03505-1;2466864;5943315;12220-1;2477774;5943315
1;4;24702980;59407640;204;337;01606-1;2463655;5939580;00115-1;2459505;5939580
1;7;24635450;59412530;171;339;16601-1;2489803;5941905;13805-1;2483112;5941905
1;4;24712280;59418850;21;340;01606-1;2463655;5939580;00115-1;2459505;5939580
1;7;24691820;59429510;86;341;16601-1;2489803;5941905;13805-1;2483112;5941905
1;3;24709650;59432660;216;342;11308-1;2475396;5946356;09501-1;2470183;5946356
1;9;24706300;59441120;329;343;03505-1;2466864;5943315;12220-1;2477774;5943315
1;5;24740590;59440740;51;344;06101-1;2471786;5948104;18303-1;2489062;5948104
2;0;24709580;59431160;999;345;Depoo;2471786;;Depoo;;
1;4;24720270;59433570;65;346;01606-1;2463655;5939580;00115-1;2459505;5939580
1;3;24659050;59400120;141;414;11308-1;2475396;5946356;09501-1;2470183;5946356
1;3;24680380;59398520;76;416;11308-1;2475396;5946356;09501-1;2470183;5946356
2;0;24711380;59432700;329;418;Depoo;2475396;;Depoo;;
1;3;24755790;59435060;173;421;11308-1;2475396;5946356;09501-1;2470183;5946356
1;6;24707540;59428760;291;422;18910-1;2487484;5948104;18303-1;2489062;5948104
1;6;24755960;59434360;164;423;18910-1;2487484;5948104;18303-1;2489062;5948104
2;0;24710500;59432970;328;433;Depoo;2487484;;Depoo;;
1;3;24716790;59423900;24;435;11308-1;2475396;5946356;09501-1;2470183;5946356
1;6;24642960;59421720;226;438;18910-1;2487484;5948104;18303-1;2489062;5948104
1;3;24665710;59396990;265;439;11308-1;2475396;5946356;09501-1;2470183;5946356
1;6;24635720;59412530;185;440;18910-1;2487484;5948104;18303-1;2489062;5948104
2;0;24710980;59433000;330;441;Depoo;2487484;;Depoo;;
1;3;24717760;59425580;207;442;11308-1;2475396;5946356;09501-1;2470183;5946356
1;6;24635720;59412410;140;444;18910-1;2487484;5948104;18303-1;2489062;5948104
1;6;24738500;59431170;177;447;18910-1;2487484;5948104;18303-1;2489062;5948104
1;6;24646840;59419820;303;448;18910-1;2487484;5948104;18303-1;2489062;5948104
3;4;24759750;59437340;89;501;01606-1;2463655;5939580;00115-1;2459505;5939580
3;4;24772760;59429990;309;503;01606-1;2463655;5939580;00115-1;2459505;5939580
3;4;24734020;59411130;201;504;01606-1;2463655;5939580;00115-1;2459505;5939580
3;4;24742700;59428390;0;505;01606-1;2463655;5939580;00115-1;2459505;5939580
3;4;24813910;59426790;255;506;01606-1;2463655;5939580;00115-1;2459505;5939580
3;4;24802670;59426220;83;507;01606-1;2463655;5939580;00115-1;2459505;5939580
2;23;24705250;59390650;234;1001;03505-1;2466864;5942793;11601-1;2476540;5942793
2;18;24759290;59439440;49;1002;21211-1;2475644;5928550;20819-1;2453546;5928550
2;17;24707420;59403420;211;1004;02907-1;2469906;5942793;11601-1;2476540;5942793
2;18;24746190;59433640;207;1005;21211-1;2475644;5928550;20819-1;2453546;5928550
2;17;24765100;59427890;108;1006;02907-1;2469906;5942793;11601-1;2476540;5942793
2;36;24710320;59389660;249;1007;01610-1;2475064;5943576;21207-1;2475041;5943576
2;14;24759240;59439270;71;1008;21211-1;2475644;5938608;04402-1;2467751;5938608
2;18;24733710;59406900;206;1010;21211-1;2475644;5928550;20819-1;2453546;5928550
2;40;24759650;59439210;53;1012;21213-1;2475669;5946356;09501-1;2470183;5946356
2;36;24742530;59425290;179;1014;01610-1;2475064;5943576;21207-1;2475041;5943576
2;35;24757240;59437440;77;1018;21212-1;2475672;5944354;16602-1;2489003;5944354
2;23;24758500;59429000;129;1021;03505-1;2466864;5942793;11601-1;2476540;5942793
2;40;24759320;59439130;35;1023;21213-1;2475669;5946356;09501-1;2470183;5946356
2;40;24737950;59432060;249;1029;21213-1;2475669;5946356;09501-1;2470183;5946356
2;0;24853240;59430680;185;1030;Depoo;2475669;;Depoo;;
2;35;24845910;59436300;254;1034;21212-1;2475672;5944354;16602-1;2489003;5944354
2;18;24630970;59356810;357;1035;21211-1;2475644;5928550;20819-1;2453546;5928550
2;17A;24706510;59402530;5;1060;02907-1;2469906;5943435;12906-1;2476788;5943435
2;36;24671670;59397750;169;1061;01610-1;2475064;5943576;21207-1;2475041;5943576
2;40;24712760;59441090;326;1063;21213-1;2475669;5946356;09501-1;2470183;5946356
2;40;24695090;59444100;90;1064;21213-1;2475669;5946356;09501-1;2470183;5946356
2;40;24739300;59431590;92;1065;21213-1;2475669;5946356;09501-1;2470183;5946356
2;15;24794960;59423160;270;1067;21212-1;2475672;5941905;13805-1;2483112;5941905
2;18;24739870;59414970;19;1068;21211-1;2475644;5928550;20819-1;2453546;5928550
2;40;24713960;59441050;64;1069;21213-1;2475669;5946356;09501-1;2470183;5946356
2;0;24874260;59364400;287;1070;Depoo;2475669;;Depoo;;
2;15;24843410;59415860;272;1072;21212-1;2475672;5941905;13805-1;2483112;5941905
2;17;24724960;59423810;132;1073;02907-1;2469906;5942793;11601-1;2476540;5942793
2;23;24725340;59423840;137;1074;03505-1;2466864;5942793;11601-1;2476540;5942793
2;40;24733460;59434160;332;1086;21213-1;2475669;5946356;09501-1;2470183;5946356
2;11;24701140;59405520;205;1101;03505-1;2466864;5943315;12220-1;2477774;5943315
2;24;24728870;59429270;296;1102;03405-1;2468757;5943366;21205-1;2475188;5943366
2;45;24726410;59398280;194;1103;01610-1;2475064;5944490;13510-1;2489665;5944490
2;11;24709340;59415420;200;1105;03505-1;2466864;5943315;12220-1;2477774;5943315
2;56;24835430;59440010;264;1108;16601-1;2489803;5943398;21203-2;2475198;5943398
2;24A;24744330;59433110;274;1109;01802-1;2466863;5943366;21205-1;2475188;5943366
2;24A;24655920;59405020;324;1110;01802-1;2466863;5943366;21205-1;2475188;5943366
2;3;24742500;59442690;166;1112;11308-1;2475396;5946356;09501-1;2470183;5946356
2;24A;24701040;59405430;203;1113;01802-1;2466863;5943366;21205-1;2475188;5943366
2;36;24738880;59413630;192;1114;01610-1;2475064;5943576;21207-1;2475041;5943576
2;15;24757100;59437580;206;1115;21212-1;2475672;5941905;13805-1;2483112;5941905
2;8;24870590;59488310;242;1118;21216-1;2474168;5944050;18623-1;2473695;5944050
2;0;24635200;59412220;125;1119;Depoo;2474168;;Depoo;;
2;8;24871360;59488430;61;1120;21216-1;2474168;5944050;18623-1;2473695;5944050
2;0;24658330;59409150;244;1121;Depoo;2474168;;Depoo;;
2;11;24668070;59396960;84;1122;03505-1;2466864;5943315;12220-1;2477774;5943315
2;28;24668620;59405380;346;1123;11308-1;2475396;5941922;00901-1;2464261;5941922
2;9;24656660;59403290;329;1124;03505-1;2466864;5943315;12220-1;2477774;5943315
2;14;24679190;59376180;68;1126;21211-1;2475644;5938608;04402-1;2467751;5938608
2;3;24752020;59433530;151;1127;11308-1;2475396;5946356;09501-1;2470183;5946356
2;24;24725270;59428160;68;1129;03405-1;2468757;5943366;21205-1;2475188;5943366
2;9;24656880;59403110;329;1130;03505-1;2466864;5943315;12220-1;2477774;5943315
2;11;24708320;59413610;20;1131;03505-1;2466864;5943315;12220-1;2477774;5943315
2;8;24813260;59458510;36;1132;21216-1;2474168;5944050;18623-1;2473695;5944050
2;45;24683080;59389280;125;1139;01610-1;2475064;5944490;13510-1;2489665;5944490
2;11;24658320;59401920;329;1188;03505-1;2466864;5943315;12220-1;2477774;5943315
2;3;24696430;59448720;249;1189;11308-1;2475396;5946356;09501-1;2470183;5946356
2;11;24656030;59404890;54;1194;03505-1;2466864;5943315;12220-1;2477774;5943315
2;11;24656150;59404880;54;1195;03505-1;2466864;5943315;12220-1;2477774;5943315
2;9;24667840;59412160;42;1199;03505-1;2466864;5943315;12220-1;2477774;5943315
2;40;24735230;59432390;146;1440;21213-1;2475669;5946356;09501-1;2470183;5946356
2;23;24656020;59404960;326;1441;03505-1;2466864;5942793;11601-1;2476540;5942793
2;28;24736760;59413330;222;1442;11308-1;2475396;5941922;00901-1;2464261;5941922
2;36;24686940;59387440;112;1443;01610-1;2475064;5943576;21207-1;2475041;5943576
2;23;24722260;59427550;54;1444;03505-1;2466864;5942793;11601-1;2476540;5942793
2;36;24633830;59412610;13;1447;01610-1;2475064;5943576;21207-1;2475041;5943576
2;15;24783630;59424790;131;1449;21212-1;2475672;5941905;13805-1;2483112;5941905
2;45;24801870;59422960;89;1451;01610-1;2475064;5944490;13510-1;2489665;5944490
2;45;24635630;59411860;60;1452;01610-1;2475064;5944490;13510-1;2489665;5944490
2;36;24632250;59410380;208;1454;01610-1;2475064;5943576;21207-1;2475041;5943576
2;45;24652490;59412750;211;1455;01610-1;2475064;5944490;13510-1;2489665;5944490
2;21;24659240;59426300;66;1456;21105-6;2471748;5942747;00109-1;2465513;5942747
2;23;24660670;59399620;148;1457;03505-1;2466864;5942793;11601-1;2476540;5942793
2;21;24742120;59441850;30;1458;21105-6;2471748;5942747;00109-1;2465513;5942747
2;15;24830710;59419210;122;1459;21212-1;2475672;5941905;13805-1;2483112;5941905
2;24A;24659360;59395490;271;1460;01802-1;2466863;5943366;21205-1;2475188;5943366
2;21A;24634440;59413060;228;1461;01606-1;2463655;5944205;00101-1;2459492;5944205
2;3;24759200;59430530;54;1462;11308-1;2475396;5946356;09501-1;2470183;5946356
2;23;24662520;59393940;344;1463;03505-1;2466864;5942793;11601-1;2476540;5942793
2;3;24753750;59438110;2;1464;11308-1;2475396;5946356;09501-1;2470183;5946356
2;0;24759110;59439230;999;1465;Depoo;2475396;;Depoo;;
2;11;24698680;59402970;44;1467;03505-1;2466864;5943315;12220-1;2477774;5943315
2;9;24757650;59435280;251;1468;03505-1;2466864;5943315;12220-1;2477774;5943315
2;21;24590280;59448760;354;1471;21105-6;2471748;5942747;00109-1;2465513;5942747
2;9;24710190;59428170;289;1472;03505-1;2466864;5943315;12220-1;2477774;5943315
2;3;24748250;59425750;196;1473;11308-1;2475396;5946356;09501-1;2470183;5946356
2;24A;24686920;59403250;119;1474;01802-1;2466863;5943366;21205-1;2475188;5943366
2;21;24691120;59429890;276;1475;21105-6;2471748;5942747;00109-1;2465513;5942747
2;8;24757300;59437500;213;1476;21216-1;2474168;5944050;18623-1;2473695;5944050
2;8;24797410;59444730;218;1477;21216-1;2474168;5944050;18623-1;2473695;5944050
2;3;24715610;59453510;305;1478;11308-1;2475396;5946356;09501-1;2470183;5946356
2;21A;24634120;59432210;307;1479;01606-1;2463655;5944205;00101-1;2459492;5944205
2;23;24754830;59433740;229;1480;03505-1;2466864;5942793;11601-1;2476540;5942793
2;18;24685180;59377440;250;1481;21211-1;2475644;5928550;20819-1;2453546;5928550
2;60;24757420;59435940;284;1482;16502-1;2480795;5943325;12218-1;2474402;5943325
2;35;24836430;59434610;75;1483;21212-1;2475672;5944354;16602-1;2489003;5944354
2;15;24751630;59434000;316;1484;21212-1;2475672;5941905;13805-1;2483112;5941905
2;28;24698870;59403120;43;1486;11308-1;2475396;5941922;00901-1;2464261;5941922
2;40;24705270;59442340;333;1490;21213-1;2475669;5946356;09501-1;2470183;5946356
2;18;24700540;59380930;55;1491;21211-1;2475644;5928550;20819-1;2453546;5928550
2;17;24684510;59395080;130;1492;02907-1;2469906;5942793;11601-1;2476540;5942793
2;17;24731030;59428760;79;1493;02907-1;2469906;5942793;11601-1;2476540;5942793
2;23;24711050;59399880;7;1495;03505-1;2466864;5942793;11601-1;2476540;5942793
2;11;24750540;59433960;233;1496;03505-1;2466864;5943315;12220-1;2477774;5943315
2;8;24759510;59439040;45;1497;21216-1;2474168;5944050;18623-1;2473695;5944050
2;9;24687310;59410840;205;1498;03505-1;2466864;5943315;12220-1;2477774;5943315
2;9;24733650;59429300;71;1499;03505-1;2466864;5943315;12220-1;2477774;5943315
2;36;24732660;59405790;204;1888;01610-1;2475064;5943576;21207-1;2475041;5943576
2;27;24583110;59414740;13;2200;47007-1;2446973;5935620;04501-1;2461096;5935620
2;5;24742370;59422900;182;2208;06101-1;2471786;5948104;18303-1;2489062;5948104
2;29;24757730;59437340;270;2209;21216-1;2474168;5944635;16501-1;2488588;5944635
2;0;24635900;59412160;52;2212;Depoo;2474168;;Depoo;;
2;5;24821840;59458380;102;2213;06101-1;2471786;5948104;18303-1;2489062;5948104
2;5;24742340;59420660;12;2214;06101-1;2471786;5948104;18303-1;2489062;5948104
2;33;24714030;59433870;150;2216;06101-1;2471786;5944410;09502-1;2468813;5944410
2;32;24732670;59405860;27;2217;06101-1;2471786;5946116;09004-1;2466765;5946116
2;47;24635610;59411680;94;2218;01610-1;2475064;5942793;11601-1;2476540;5942793
2;46;24745480;59433080;81;2220;01610-1;2475064;5943315;12220-1;2477774;5943315
2;5;24739470;59414830;188;2221;06101-1;2471786;5948104;18303-1;2489062;5948104
2;34A;24832760;59466710;212;2224;21215-1;2472978;5905611;20002-1;2416971;5905611
2;61;24674910;59409590;104;2228;01901-1;2463762;5940496;06705-1;2471646;5940496
2;14;24736220;59409290;29;2229;21211-1;2475644;5938608;04402-1;2467751;5938608
2;5;24717610;59385040;359;2230;06101-1;2471786;5948104;18303-1;2489062;5948104
2;26A;24636730;59412970;285;2231;01606-1;2463655;5945615;09305-1;2469941;5945615
2;61;24633780;59404650;291;2234;01901-1;2463762;5940496;06705-1;2471646;5940496
2;34A;24948460;59477700;320;2235;21215-1;2472978;5905611;20002-1;2416971;5905611
2;0;24661200;59411910;339;2236;Depoo;2472978;;Depoo;;
2;33;24683030;59387740;214;2237;06101-1;2471786;5944410;09502-1;2468813;5944410
2;22;24637700;59412890;290;2245;01610-1;2475064;5943500;12003-3;2475569;5943500
2;34A;24896220;59473940;104;2246;21215-1;2472978;5905611;20002-1;2416971;5905611
2;1A;24795510;59443520;218;2247;21215-1;2472978;5953875;20803-1;2479468;5953875
2;22;24635130;59412100;186;2250;01610-1;2475064;5943500;12003-3;2475569;5943500
2;1A;24838140;59474710;22;2252;21215-1;2472978;5953875;20803-1;2479468;5953875
2;5;24757960;59437230;264;2255;06101-1;2471786;5948104;18303-1;2489062;5948104
2;48;24712890;59434990;327;2258;21213-1;2475669;5946356;09501-1;2470183;5946356
2;26;24664250;59410960;136;2261;01606-1;2463655;5945467;09304-1;2468977;5945467
2;5;24763620;59437490;85;2262;06101-1;2471786;5948104;18303-1;2489062;5948104
2;4;24635150;59412140;183;2264;01606-1;2463655;5939580;00115-1;2459505;5939580
2;5;24874780;59461920;53;2265;06101-1;2471786;5948104;18303-1;2489062;5948104
2;16;24661120;59412700;138;2268;01610-1;2475064;5943111;07501-1;2476120;5943111
2;14;24650130;59367410;249;2269;21211-1;2475644;5938608;04402-1;2467751;5938608
2;0;24759740;59438970;39;2275;Depoo;2475644;;Depoo;;
2;10;24681470;59398840;256;2276;01610-1;2475064;5938608;04402-1;2467751;5938608
2;5;24835180;59458920;255;2277;06101-1;2471786;5948104;18303-1;2489062;5948104
2;33;24668450;59379940;169;2278;06101-1;2471786;5944410;09502-1;2468813;5944410
2;24;24661450;59402050;46;2283;03405-1;2468757;5943366;21205-1;2475188;5943366
2;1A;24840440;59487200;133;2284;21215-1;2472978;5953875;20803-1;2479468;5953875
2;5;24717350;59372020;192;2286;06101-1;2471786;5948104;18303-1;2489062;5948104
2;1A;24757990;59438250;209;2287;21215-1;2472978;5953875;20803-1;2479468;5953875
2;24;24666450;59403610;257;2289;03405-1;2468757;5943366;21205-1;2475188;5943366
2;5;24795380;59443510;219;2290;06101-1;2471786;5948104;18303-1;2489062;5948104
2;0;24717910;59366530;13;2291;Depoo;2471786;;Depoo;;
2;24;24704720;59409150;20;2292;03405-1;2468757;5943366;21205-1;2475188;5943366
2;27;24637840;59412820;291;2294;47007-1;2446973;5935620;04501-1;2461096;5935620
2;0;24660400;59410250;131;2300;Depoo;2446973;;Depoo;;
2;1A;24836290;59499060;286;2301;21215-1;2472978;5953875;20803-1;2479468;5953875
2;34A;24768160;59438090;73;2303;21215-1;2472978;5905611;20002-1;2416971;5905611
2;10;24668240;59409950;15;2307;01610-1;2475064;5938608;04402-1;2467751;5938608
2;9;24656150;59404930;320;2309;03505-1;2466864;5943315;12220-1;2477774;5943315
2;10;24654170;59414140;27;2311;01610-1;2475064;5938608;04402-1;2467751;5938608
2;14;24742660;59424720;180;2313;21211-1;2475644;5938608;04402-1;2467751;5938608
2;16;24688500;59414690;291;2315;01610-1;2475064;5943111;07501-1;2476120;5943111
2;27;24611910;59358280;11;2318;47007-1;2446973;5935620;04501-1;2461096;5935620
2;24;24709580;59415830;201;2319;03405-1;2468757;5943366;21205-1;2475188;5943366
2;26;24701050;59450750;207;2320;01606-1;2463655;5945467;09304-1;2468977;5945467
2;16;24694320;59418350;206;2324;01610-1;2475064;5943111;07501-1;2476120;5943111
2;46;24721520;59427720;253;2325;01610-1;2475064;5943315;12220-1;2477774;5943315
2;0;24656590;59409710;218;2329;Depoo;2475064;;Depoo;;
2;10;24681920;59387330;64;2330;01610-1;2475064;5938608;04402-1;2467751;5938608
2;16;24724990;59428300;233;2331;01610-1;2475064;5943111;07501-1;2476120;5943111
2;24;24658870;59400790;120;2333;03405-1;2468757;5943366;21205-1;2475188;5943366
2;38;24768490;59438050;74;2334;21216-1;2474168;5949070;20812-1;2491596;5949070
2;33;24669400;59402980;167;2338;06101-1;2471786;5944410;09502-1;2468813;5944410
2;34A;24759700;59439070;70;2347;21215-1;2472978;5905611;20002-1;2416971;5905611
2;5;24727520;59400310;201;2350;06101-1;2471786;5948104;18303-1;2489062;5948104
2;14;24735730;59409220;212;2351;21211-1;2475644;5938608;04402-1;2467751;5938608
2;5;24718150;59366150;3;2353;06101-1;2471786;5948104;18303-1;2489062;5948104
2;1A;24760170;59439010;69;2354;21215-1;2472978;5953875;20803-1;2479468;5953875
2;16;24704930;59428980;30;2355;01610-1;2475064;5943111;07501-1;2476120;5943111
2;48;24713090;59434820;143;2356;21213-1;2475669;5946356;09501-1;2470183;5946356
2;22;24721310;59433850;249;2357;01610-1;2475064;5943500;12003-3;2475569;5943500
2;32;24742610;59422780;-2147483648;2360;06101-1;2471786;5946116;09004-1;2466765;5946116
2;19;24759490;59439090;50;2361;21212-1;2475672;5943199;14404-1;2481361;5943199
2;16;24753690;59432240;149;2363;01610-1;2475064;5943111;07501-1;2476120;5943111
2;32;24734330;59422230;304;2365;06101-1;2471786;5946116;09004-1;2466765;5946116
2;10;24629870;59360320;172;2366;01610-1;2475064;5938608;04402-1;2467751;5938608
2;32;24717270;59372050;192;2367;06101-1;2471786;5946116;09004-1;2466765;5946116
2;48;24759410;59439120;55;2368;21213-1;2475669;5946356;09501-1;2470183;5946356
2;19;24850110;59440860;338;2369;21212-1;2475672;5943199;14404-1;2481361;5943199
2;16;24635440;59412000;136;2370;01610-1;2475064;5943111;07501-1;2476120;5943111
2;0;24658440;59401180;171;2371;Depoo;2475064;;Depoo;;
2;10;24652090;59412530;211;2372;01610-1;2475064;5938608;04402-1;2467751;5938608
2;27;24671550;59398970;167;2373;47007-1;2446973;5935620;04501-1;2461096;5935620
2;16;24748250;59413140;203;2374;01610-1;2475064;5943111;07501-1;2476120;5943111
2;26;24687080;59410450;202;2379;01606-1;2463655;5945467;09304-1;2468977;5945467
2;38;24882430;59486090;153;2381;21216-1;2474168;5949070;20812-1;2491596;5949070
2;61;24711200;59400010;7;2383;01901-1;2463762;5940496;06705-1;2471646;5940496
2;29;24855490;59451600;83;2385;21216-1;2474168;5944635;16501-1;2488588;5944635
2;10;24667000;59383670;257;2388;01610-1;2475064;5938608;04402-1;2467751;5938608
2;33;24705900;59441830;332;2389;06101-1;2471786;5944410;09502-1;2468813;5944410
2;46;24682930;59428910;76;2392;01610-1;2475064;5943315;12220-1;2477774;5943315
2;44;24847030;59443260;156;2394;21214-1;2475665;5943205;15605-1;2481328;5943205
2;3;24748410;59425280;180;2396;11308-1;2475396;5946356;09501-1;2470183;5946356
2;27;24666380;59382090;59;2397;47007-1;2446973;5935620;04501-1;2461096;5935620
2;24;24747160;59432910;93;2398;03405-1;2468757;5943366;21205-1;2475188;5943366
2;46;24635510;59412060;119;2399;01610-1;2475064;5943315;12220-1;2477774;5943315
2;32;24727470;59426470;331;2704;06101-1;2471786;5946116;09004-1;2466765;5946116
2;61;24668810;59410420;286;2740;01901-1;2463762;5940496;06705-1;2471646;5940496
2;46;24646900;59411050;105;2741;01610-1;2475064;5943315;12220-1;2477774;5943315
2;0;24658330;59411190;285;2742;Depoo;2475064;;Depoo;;
2;22;24723400;59434150;69;2743;01610-1;2475064;5943500;12003-3;2475569;5943500
2;26;24704130;59443270;332;2744;01606-1;2463655;5945467;09304-1;2468977;5945467
2;32;24704610;59442680;152;2745;06101-1;2471786;5946116;09004-1;2466765;5946116
2;46;24635170;59412140;178;2746;01610-1;2475064;5943315;12220-1;2477774;5943315
2;46;24646320;59419480;141;2747;01610-1;2475064;5943315;12220-1;2477774;5943315
2;10;24639100;59383950;13;2758;01610-1;2475064;5938608;04402-1;2467751;5938608
2;46;24758410;59435460;94;2759;01610-1;2475064;5943315;12220-1;2477774;5943315
2;33;24717910;59366040;9;2777;06101-1;2471786;5944410;09502-1;2468813;5944410
2;4;24577020;59436980;291;2779;01606-1;2463655;5939580;00115-1;2459505;5939580
2;1A;24777620;59439170;75;2788;21215-1;2472978;5953875;20803-1;2479468;5953875
2;14;24701930;59381640;231;2789;21211-1;2475644;5938608;04402-1;2467751;5938608
2;14;24757480;59436330;175;2792;21211-1;2475644;5938608;04402-1;2467751;5938608
2;16;24758780;59430720;50;2798;01610-1;2475064;5943111;07501-1;2476120;5943111
2;0;24840190;59431980;266;3044;Depoo;2475064;;Depoo;;
2;0;24884400;59442400;270;3045;Depoo;2475064;;Depoo;;
2;50;24874160;59437480;66;3046;16601-1;2489803;5943777;14903-1;2481895;5943777
2;51;24895190;59447930;103;3047;21214-1;2475665;5944635;16501-1;2488588;5944635
2;50;24806080;59429520;53;3226;16601-1;2489803;5943777;14903-1;2481895;5943777
2;68;24895360;59447710;160;3400;16303-1;2489711;5943398;21203-2;2475198;5943398
2;56;24890850;59443630;66;3401;16601-1;2489803;5943398;21203-2;2475198;5943398
2;56;24757530;59435510;282;3402;16601-1;2489803;5943398;21203-2;2475198;5943398
2;68;24895510;59447060;222;3403;16303-1;2489711;5943398;21203-2;2475198;5943398
2;7;24841760;59415860;268;3404;16601-1;2489803;5941905;13805-1;2483112;5941905
2;68;24783920;59431970;110;3406;16303-1;2489711;5943398;21203-2;2475198;5943398
2;63;24879830;59454750;88;3407;16502-1;2480795;5943325;12218-1;2474402;5943325
2;60;24814160;59444530;41;3408;16502-1;2480795;5943325;12218-1;2474402;5943325
2;0;24863840;59434410;249;3409;Depoo;2480795;;Depoo;;
2;68;24758810;59435240;90;3410;16303-1;2489711;5943398;21203-2;2475198;5943398
2;63;24895400;59447660;164;3411;16502-1;2480795;5943325;12218-1;2474402;5943325
2;67;24888360;59443000;70;3413;16601-1;2489803;5943398;21203-2;2475198;5943398
2;60;24862040;59448340;159;3414;16502-1;2480795;5943325;12218-1;2474402;5943325
2;53;24876400;59442880;84;3415;16303-1;2489711;5943398;21203-2;2475198;5943398
2;67;24896830;59445210;13;3417;16601-1;2489803;5943398;21203-2;2475198;5943398
2;0;24849580;59431670;67;3418;Depoo;2489803;;Depoo;;
2;19;24783180;59440080;245;3419;21212-1;2475672;5943199;14404-1;2481361;5943199
2;0;24661560;59411840;346;3421;Depoo;2475672;;Depoo;;
2;53;24754140;59433240;243;3422;16303-1;2489711;5943398;21203-2;2475198;5943398
2;53;24885770;59446360;248;3423;16303-1;2489711;5943398;21203-2;2475198;5943398
2;67;24793410;59434950;257;3424;16601-1;2489803;5943398;21203-2;2475198;5943398
2;68;24759530;59435440;286;3425;16303-1;2489711;5943398;21203-2;2475198;5943398
2;56;24763840;59434860;98;3426;16601-1;2489803;5943398;21203-2;2475198;5943398
2;67;24768780;59434370;286;3427;16601-1;2489803;5943398;21203-2;2475198;5943398
2;51;24793710;59442920;240;3429;21214-1;2475665;5944635;16501-1;2488588;5944635
2;44;24760210;59439110;64;3430;21214-1;2475665;5943205;15605-1;2481328;5943205
2;6;24859170;59488600;108;3431;18910-1;2487484;5948104;18303-1;2489062;5948104
2;54;24859600;59448030;270;3432;17201-1;2490472;5943366;21204-1;2475291;5943366
2;7;24827510;59438920;350;3434;16601-1;2489803;5941905;13805-1;2483112;5941905
2;58;24819500;59438500;262;3435;16303-1;2489711;5943777;14903-1;2481895;5943777
2;51;24759920;59439180;63;3436;21214-1;2475665;5944635;16501-1;2488588;5944635
2;19;24759310;59439090;78;3437;21212-1;2475672;5943199;14404-1;2481361;5943199
2;53;24769700;59434110;102;3438;16303-1;2489711;5943398;21203-2;2475198;5943398
2;58;24799910;59426210;219;3439;16303-1;2489711;5943777;14903-1;2481895;5943777
2;55;24836830;59435460;274;3500;15604-1;2480647;5942594;14904-1;2480170;5942594
2;50;24831290;59434060;253;3501;16601-1;2489803;5943777;14903-1;2481895;5943777
2;7;24896610;59445140;303;3502;16601-1;2489803;5941905;13805-1;2483112;5941905
2;54;24782170;59425270;135;3504;17201-1;2490472;5943366;21204-1;2475291;5943366
2;68;24872480;59443130;266;3506;16303-1;2489711;5943398;21203-2;2475198;5943398
2;19;24802740;59443370;92;3513;21212-1;2475672;5943199;14404-1;2481361;5943199
2;54;24772700;59426790;287;3514;17201-1;2490472;5943366;21204-1;2475291;5943366
2;0;24866920;59442630;256;3515;Depoo;2490472;;Depoo;;
2;53;24895340;59447690;182;3516;16303-1;2489711;5943398;21203-2;2475198;5943398
2;35;24785390;59440520;236;3518;21212-1;2475672;5944354;16602-1;2489003;5944354
2;63;24764920;59437490;255;3520;16502-1;2480795;5943325;12218-1;2474402;5943325
2;58;0;0;999;3522;16303-1;2489711;5943777;14903-1;2481895;5943777
2;31;24836740;59434890;180;3523;15605-1;2481328;5943366;21204-1;2475291;5943366
2;31;24753850;59432920;126;3524;15605-1;2481328;5943366;21204-1;2475291;5943366
2;53;24800540;59435070;272;3525;16303-1;2489711;5943398;21203-2;2475198;5943398
2;51;24881190;59442950;88;3527;21214-1;2475665;5944635;16501-1;2488588;5944635
2;58;24895320;59447770;122;3528;16303-1;2489711;5943777;14903-1;2481895;5943777
2;54;24836150;59428450;289;3529;17201-1;2490472;5943366;21204-1;2475291;5943366
2;50;24896990;59445390;2;3530;16601-1;2489803;5943777;14903-1;2481895;5943777
2;31;24835980;59434680;73;3531;15605-1;2481328;5943366;21204-1;2475291;5943366
2;51;24780950;59439560;77;3532;21214-1;2475665;5944635;16501-1;2488588;5944635
2;51;24868440;59442850;260;3533;21214-1;2475665;5944635;16501-1;2488588;5944635
2;58;24881920;59443110;75;3535;16303-1;2489711;5943777;14903-1;2481895;5943777
2;44;24796390;59443350;267;3538;21214-1;2475665;5943205;15605-1;2481328;5943205
2;50;24858860;59435270;336;3539;16601-1;2489803;5943777;14903-1;2481895;5943777
2;67;24754690;59433620;246;3540;16601-1;2489803;5943398;21203-2;2475198;5943398
2;67;24896760;59444800;2;3541;16601-1;2489803;5943398;21203-2;2475198;5943398
2;36;24742590;59424830;0;3542;01610-1;2475064;5943576;21207-1;2475041;5943576
2;60;24895100;59447940;83;3544;16502-1;2480795;5943325;12218-1;2474402;5943325
2;0;24661260;59411790;354;3546;Depoo;2480795;;Depoo;;
2;63;24824640;59447600;66;3548;16502-1;2480795;5943325;12218-1;2474402;5943325
2;68;24864780;59441660;77;3549;16303-1;2489711;5943398;21203-2;2475198;5943398
2;0;24853400;59431050;13;3550;Depoo;2489711;;Depoo;;
2;35;24896690;59445270;357;3551;21212-1;2475672;5944354;16602-1;2489003;5944354
2;63;24860630;59453710;243;3556;16502-1;2480795;5943325;12218-1;2474402;5943325
2;60;24876830;59449720;276;3559;16502-1;2480795;5943325;12218-1;2474402;5943325
2;54;24875560;59442850;90;3565;17201-1;2490472;5943366;21204-1;2475291;5943366
2;0;24888170;59363520;327;3566;Depoo;2490472;;Depoo;;
2;35;24896660;59444000;51;3591;21212-1;2475672;5944354;16602-1;2489003;5944354
2;54;24897240;59446900;141;3618;17201-1;2490472;5943366;21204-1;2475291;5943366
2;67;24887790;59442950;248;3621;16601-1;2489803;5943398;21203-2;2475198;5943398
2;31;24795940;59434920;79;3644;15605-1;2481328;5943366;21204-1;2475291;5943366
2;58;24862470;59441780;244;3648;16303-1;2489711;5943777;14903-1;2481895;5943777
2;60;24793670;59442950;244;3652;16502-1;2480795;5943325;12218-1;2474402;5943325
2;58;24882240;59445910;68;3660;16303-1;2489711;5943777;14903-1;2481895;5943777
2;67;24844580;59440430;266;3663;16601-1;2489803;5943398;21203-2;2475198;5943398
2;67;24796960;59434870;85;3673;16601-1;2489803;5943398;21203-2;2475198;5943398
2;56;24896950;59445240;354;3675;16601-1;2489803;5943398;21203-2;2475198;5943398
2;56;24783830;59432010;114;3686;16601-1;2489803;5943398;21203-2;2475198;5943398
2;56;24896200;59444630;197;3695;16601-1;2489803;5943398;21203-2;2475198;5943398
2;44;24759850;59439010;61;3772;21214-1;2475665;5943205;15605-1;2481328;5943205
2;0;24895290;59447800;98;3774;Depoo;2475665;;Depoo;;
2;60;24833100;59450880;214;3813;16502-1;2480795;5943325;12218-1;2474402;5943325
2;54;24840760;59430040;71;3826;17201-1;2490472;5943366;21204-1;2475291;5943366
2;60;24890790;59448990;180;3829;16502-1;2480795;5943325;12218-1;2474402;5943325
2;55;24816260;59426830;262;3839;15604-1;2480647;5942594;14904-1;2480170;5942594
2;50;24851560;59437000;72;3848;16601-1;2489803;5943777;14903-1;2481895;5943777
2;7;24795810;59425500;257;3878;16601-1;2489803;5941905;13805-1;2483112;5941905
2;68;24895530;59448280;70;3896;16303-1;2489711;5943398;21203-2;2475198;5943398
2;49;24837100;59435540;332;4042;15605-1;2481328;5949181;18806-1;2482975;5949181
2;12;24721650;59402380;262;4151;01610-1;2475064;5944635;16501-1;2488588;5944635
2;12;24828590;59436840;339;4153;01610-1;2475064;5944635;16501-1;2488588;5944635
2;12;24881630;59449360;103;4155;01610-1;2475064;5944635;16501-1;2488588;5944635
2;59;24716440;59438650;331;4160;21102-1;2473790;5945467;09304-1;2468977;5945467
2;65;24839900;59444020;110;4162;16007-1;2486190;5944422;13413-1;2483930;5944422
2;65;24862220;59448150;157;4164;16007-1;2486190;5944422;13413-1;2483930;5944422
2;20A;24742550;59427490;0;4167;20818-2;2461433;5943517;12305-2;2475970;5943517
2;57;24718780;59388270;228;4168;06611-1;2476499;5942907;07403-1;2474350;5942907
2;12;24757300;59411880;42;4169;01610-1;2475064;5944635;16501-1;2488588;5944635
2;13;24656570;59404710;225;4344;01610-1;2475064;5944357;16603-1;2489055;5944357
2;13;24824520;59440400;12;4345;01610-1;2475064;5944357;16603-1;2489055;5944357
2;13;24706930;59403460;300;4346;01610-1;2475064;5944357;16603-1;2489055;5944357
2;13;24744430;59406860;56;4347;01610-1;2475064;5944357;16603-1;2489055;5944357
2;13;24653260;59413200;39;4348;01610-1;2475064;5944357;16603-1;2489055;5944357
2;13;24684820;59408350;27;4349;01610-1;2475064;5944357;16603-1;2489055;5944357
2;13;24890120;59444880;70;4350;01610-1;2475064;5944357;16603-1;2489055;5944357
2;20;24739600;59415580;198;4400;10701-3;2476665;5938864;04607-1;2470380;5938864
2;65;24798150;59417540;358;4600;16007-1;2486190;5944422;13413-1;2483930;5944422
2;49;24877600;59471390;254;4601;15605-1;2481328;5949181;18806-1;2482975;5949181
2;20;24707630;59403010;120;4602;10701-3;2476665;5938864;04607-1;2470380;5938864
2;39;24748310;59425490;200;4603;11308-1;2475396;5943063;15201-1;2483441;5943063
2;65;24866590;59441470;334;4640;16007-1;2486190;5944422;13413-1;2483930;5944422
2;20A;24629180;59364990;195;4641;20818-2;2461433;5943517;12305-2;2475970;5943517
2;39;24806050;59439840;47;4642;11308-1;2475396;5943063;15201-1;2483441;5943063
2;13;24656690;59413880;357;4746;01610-1;2475064;5944357;16603-1;2489055;5944357
2;13;24799600;59425810;76;4747;01610-1;2475064;5944357;16603-1;2489055;5944357
2;13;24898550;59445400;75;4748;01610-1;2475064;5944357;16603-1;2489055;5944357
2;13;24683030;59406720;208;4749;01610-1;2475064;5944357;16603-1;2489055;5944357
2;13;24793530;59425180;255;4750;01610-1;2475064;5944357;16603-1;2489055;5944357
2;13;24827360;59438000;336;4775;01610-1;2475064;5944357;16603-1;2489055;5944357
2;2;24792430;59419440;325;4872;13601-1;2483651;5940834;10609-1;2480629;5940834
2;2;24806170;59408210;146;4873;13601-1;2483651;5940834;10609-1;2480629;5940834
2;2;24756940;59439850;119;4874;13601-1;2483651;5940834;10609-1;2480629;5940834
2;2;24757600;59441940;335;4875;13601-1;2483651;5940834;10609-1;2480629;5940834
2;12;24645700;59419520;81;4960;01610-1;2475064;5944635;16501-1;2488588;5944635
2;12;24671070;59410150;281;4961;01610-1;2475064;5944635;16501-1;2488588;5944635
2;12;24818490;59446120;238;4962;01610-1;2475064;5944635;16501-1;2488588;5944635
2;12;24634130;59412310;191;4963;01610-1;2475064;5944635;16501-1;2488588;5944635
2;49;24904520;59461700;162;4964;15605-1;2481328;5949181;18806-1;2482975;5949181